0917000000
0917000001
0917000002
0917000003
0917000004
0917000005
0917000006
0917000007
0917000008
0917000009
0917000010
0917000011
0917000012
0917000013
0917000014
0917000015
0917000016
0917000017
0917000018
0917000019
0917000020
0917000021
0917000022
0917000023
0917000024
0917000025
0917000026
0917000027
0917000028
0917000029
0917000030
0917000031
0917000032
0917000033
0917000034
0917000035
0917000036
0917000037
0917000038
0917000039
0917000040
0917000041
0917000042
0917000043
0917000044
0917000045
0917000046
0917000047
0917000048
0917000049
0917000050
0917000051
0917000052
0917000053
0917000054
0917000055
0917000056
0917000057
0917000058
0917000059
0917000060
0917000061
0917000062
0917000063
0917000064
0917000065
0917000066
0917000067
0917000068
0917000069
0917000070
0917000071
0917000072
0917000073
0917000074
0917000075
0917000076
0917000077
0917000078
0917000079
0917000080
0917000081
0917000082
0917000083
0917000084
0917000085
0917000086
0917000087
0917000088
0917000089
0917000090
0917000091
0917000092
0917000093
0917000094
0917000095
0917000096
0917000097
0917000098
0917000099
